$MeshFormat
2.2 0 8
$EndMeshFormat
$PhysicalNames
2
1 1 "wall"
2 2 "domain"
$EndPhysicalNames
$Nodes
121
1 -5 -5 0
2 5 -5 0
3 -3 -5 0
4 -1 -5 0
5 1 -5 0
6 3 -5 0
7 -4 -5 0
8 -2 -5 0
9 0 -5 0
10 2 -5 0
11 4 -5 0
12 5 5 0
13 5 3 0
14 5 1 0
15 5 -1 0
16 5 -3 0
17 5 4 0
18 5 2 0
19 5 0 0
20 5 -2 0
21 5 -4 0
22 -5 5 0
23 3 5 0
24 1 5 0
25 -1 5 0
26 -3 5 0
27 4 5 0
28 2 5 0
29 0 5 0
30 -2 5 0
31 -4 5 0
32 -5 3 0
33 -5 1 0
34 -5 -1 0
35 -5 -3 0
36 -5 4 0
37 -5 2 0
38 -5 0 0
39 -5 -2 0
40 -5 -4 0
41 -3 3 0
42 -1 3 0
43 1 3 0
44 3 3 0
45 -3 1 0
46 -1 1 0
47 1 1 0
48 3 1 0
49 -3 -1 0
50 -1 -1 0
51 1 -1 0
52 3 -1 0
53 -3 -3 0
54 -1 -3 0
55 1 -3 0
56 3 -3 0
57 -4 3 0
58 -3 4 0
59 -4 4 0
60 -2 3 0
61 -1 4 0
62 -2 4 0
63 0 3 0
64 1 4 0
65 0 4 0
66 2 3 0
67 3 4 0
68 2 4 0
69 4 3 0
70 4 4 0
71 -4 1 0
72 -3 2 0
73 -4 2 0
74 -2 1 0
75 -1 2 0
76 -2 2 0
77 0 1 0
78 1 2 0
79 0 2 0
80 2 1 0
81 3 2 0
82 2 2 0
83 4 1 0
84 4 2 0
85 -4 -1 0
86 -3 0 0
87 -4 0 0
88 -2 -1 0
89 -1 0 0
90 -2 0 0
91 0 -1 0
92 1 0 0
93 0 0 0
94 2 -1 0
95 3 0 0
96 2 0 0
97 4 -1 0
98 4 0 0
99 -4 -3 0
100 -3 -2 0
101 -4 -2 0
102 -2 -3 0
103 -1 -2 0
104 -2 -2 0
105 0 -3 0
106 1 -2 0
107 0 -2 0
108 2 -3 0
109 3 -2 0
110 2 -2 0
111 4 -3 0
112 4 -2 0
113 -3 -4 0
114 -4 -4 0
115 -1 -4 0
116 -2 -4 0
117 1 -4 0
118 0 -4 0
119 3 -4 0
120 2 -4 0
121 4 -4 0
$EndNodes
$Elements
140
1 1 2 1 1 1 7
2 1 2 1 1 7 3
3 1 2 1 1 3 8
4 1 2 1 1 8 4
5 1 2 1 1 4 9
6 1 2 1 1 9 5
7 1 2 1 1 5 10
8 1 2 1 1 10 6
9 1 2 1 1 6 11
10 1 2 1 1 11 2
11 1 2 1 2 12 17
12 1 2 1 2 17 13
13 1 2 1 2 13 18
14 1 2 1 2 18 14
15 1 2 1 2 14 19
16 1 2 1 2 19 15
17 1 2 1 2 15 20
18 1 2 1 2 20 16
19 1 2 1 2 16 21
20 1 2 1 2 21 2
21 1 2 1 3 12 27
22 1 2 1 3 27 23
23 1 2 1 3 23 28
24 1 2 1 3 28 24
25 1 2 1 3 24 29
26 1 2 1 3 29 25
27 1 2 1 3 25 30
28 1 2 1 3 30 26
29 1 2 1 3 26 31
30 1 2 1 3 31 22
31 1 2 1 4 22 36
32 1 2 1 4 36 32
33 1 2 1 4 32 37
34 1 2 1 4 37 33
35 1 2 1 4 33 38
36 1 2 1 4 38 34
37 1 2 1 4 34 39
38 1 2 1 4 39 35
39 1 2 1 4 35 40
40 1 2 1 4 40 1
41 3 2 2 1 22 36 59 31
42 3 2 2 1 36 32 57 59
43 3 2 2 1 59 57 41 58
44 3 2 2 1 31 59 58 26
45 3 2 2 1 26 58 62 30
46 3 2 2 1 58 41 60 62
47 3 2 2 1 62 60 42 61
48 3 2 2 1 30 62 61 25
49 3 2 2 1 25 61 65 29
50 3 2 2 1 61 42 63 65
51 3 2 2 1 65 63 43 64
52 3 2 2 1 29 65 64 24
53 3 2 2 1 24 64 68 28
54 3 2 2 1 64 43 66 68
55 3 2 2 1 68 66 44 67
56 3 2 2 1 28 68 67 23
57 3 2 2 1 23 67 70 27
58 3 2 2 1 67 44 69 70
59 3 2 2 1 70 69 13 17
60 3 2 2 1 27 70 17 12
61 3 2 2 1 32 37 73 57
62 3 2 2 1 37 33 71 73
63 3 2 2 1 73 71 45 72
64 3 2 2 1 57 73 72 41
65 3 2 2 1 41 72 76 60
66 3 2 2 1 72 45 74 76
67 3 2 2 1 76 74 46 75
68 3 2 2 1 60 76 75 42
69 3 2 2 1 42 75 79 63
70 3 2 2 1 75 46 77 79
71 3 2 2 1 79 77 47 78
72 3 2 2 1 63 79 78 43
73 3 2 2 1 43 78 82 66
74 3 2 2 1 78 47 80 82
75 3 2 2 1 82 80 48 81
76 3 2 2 1 66 82 81 44
77 3 2 2 1 44 81 84 69
78 3 2 2 1 81 48 83 84
79 3 2 2 1 84 83 14 18
80 3 2 2 1 84 18 13 69
81 3 2 2 1 33 38 87 71
82 3 2 2 1 38 34 85 87
83 3 2 2 1 87 85 49 86
84 3 2 2 1 71 87 86 45
85 3 2 2 1 45 86 90 74
86 3 2 2 1 86 49 88 90
87 3 2 2 1 90 88 50 89
88 3 2 2 1 74 90 89 46
89 3 2 2 1 46 89 93 77
90 3 2 2 1 89 50 91 93
91 3 2 2 1 93 91 51 92
92 3 2 2 1 77 93 92 47
93 3 2 2 1 47 92 96 80
94 3 2 2 1 92 51 94 96
95 3 2 2 1 96 94 52 95
96 3 2 2 1 80 96 95 48
97 3 2 2 1 48 95 98 83
98 3 2 2 1 95 52 97 98
99 3 2 2 1 97 15 19 98
100 3 2 2 1 83 98 19 14
101 3 2 2 1 34 39 101 85
102 3 2 2 1 39 35 99 101
103 3 2 2 1 101 99 53 100
104 3 2 2 1 85 101 100 49
105 3 2 2 1 49 100 104 88
106 3 2 2 1 100 53 102 104
107 3 2 2 1 104 102 54 103
108 3 2 2 1 88 104 103 50
109 3 2 2 1 50 103 107 91
110 3 2 2 1 103 54 105 107
111 3 2 2 1 107 105 55 106
112 3 2 2 1 91 107 106 51
113 3 2 2 1 51 106 110 94
114 3 2 2 1 106 55 108 110
115 3 2 2 1 110 108 56 109
116 3 2 2 1 94 110 109 52
117 3 2 2 1 52 109 112 97
118 3 2 2 1 109 56 111 112
119 3 2 2 1 112 111 16 20
120 3 2 2 1 97 112 20 15
121 3 2 2 1 40 114 99 35
122 3 2 2 1 40 1 7 114
123 3 2 2 1 114 7 3 113
124 3 2 2 1 99 114 113 53
125 3 2 2 1 53 113 116 102
126 3 2 2 1 113 3 8 116
127 3 2 2 1 116 8 4 115
128 3 2 2 1 102 116 115 54
129 3 2 2 1 54 115 118 105
130 3 2 2 1 115 4 9 118
131 3 2 2 1 118 9 5 117
132 3 2 2 1 105 118 117 55
133 3 2 2 1 55 117 120 108
134 3 2 2 1 117 5 10 120
135 3 2 2 1 120 10 6 119
136 3 2 2 1 108 120 119 56
137 3 2 2 1 56 119 121 111
138 3 2 2 1 119 6 11 121
139 3 2 2 1 121 11 2 21
140 3 2 2 1 111 121 21 16
$EndElements
