$MeshFormat
2.2 0 8
$EndMeshFormat
$PhysicalNames
5
1 2 "inflow"
1 3 "top"
1 4 "bottom"
1 5 "outflow"
2 1 "domain"
$EndPhysicalNames
$Nodes
153
1 -0.5 0 0
2 -0.5 0.5 0
3 0.5 0.5 0
4 0.5 0 0
5 -0.25 0 0
6 0.25 0 0
7 -0.25 0.5 0
8 0.25 0.5 0
9 -0.3125000002570821 0 0
10 -0.3750000003447443 0 0
11 -0.4375000004366929 0 0
12 -0.5 0.03571428603301859 0
13 -0.5 0.07142857208680574 0
14 -0.5 0.10714285814193 0
15 -0.5 0.1428571441970543 0
16 -0.5 0.232142858502209 0
17 -0.5 0.3214285724195809 0
18 -0.5 0.4107142862097904 0
19 -0.4374999997429179 0.5 0
20 -0.3749999996552557 0.5 0
21 -0.3124999995633071 0.5 0
22 -0.1874999998624646 0.5 0
23 -0.1249999996745112 0.5 0
24 -0.06249999949302099 0.5 0
25 6.884692260733516e-10 0.5 0
26 0.06250000051635196 0.5 0
27 0.1250000003442346 0.5 0
28 0.1875000001721173 0.5 0
29 0.3125000002570821 0.5 0
30 0.3750000003447443 0.5 0
31 0.4375000004366929 0.5 0
32 0.5 0.4107142848580128 0
33 0.5 0.3214285697498056 0
34 0.5 0.232142854818218 0
35 0.5 0.1428571403757287 0
36 0.5 0.1071428552817965 0
37 0.5 0.0714285701878643 0
38 0.5 0.03571428509393215 0
39 0.4374999997429179 0 0
40 0.3749999996552557 0 0
41 0.3124999995633071 0 0
42 -0.1874901871775986 0.0007324510452285639 0
43 -0.1249999995641206 0.002500000013693467 0
44 -0.06250981205247742 0.004267548971876858 0
45 7.216933682607778e-10 0.005 0
46 0.0625098132171181 0.004267548946002006 0
47 0.1250000004328734 0.00249999998640097 0
48 0.1874901876093704 0.0007324510356358788 0
49 -0.25 0.03571428603301859 0
50 -0.25 0.07142857208680574 0
51 -0.25 0.10714285814193 0
52 -0.25 0.1428571441970543 0
53 -0.25 0.232142858502209 0
54 -0.25 0.3214285724195809 0
55 -0.25 0.4107142862097904 0
56 0.25 0.4107142848580128 0
57 0.25 0.3214285697498056 0
58 0.25 0.232142854818218 0
59 0.25 0.1428571403757287 0
60 0.25 0.1071428552817965 0
61 0.25 0.0714285701878643 0
62 0.25 0.03571428509393215 0
63 -0.375 0.1428571441970543 0
64 -0.3750000001723721 0.07142857208680574 0
65 -0.3749999998276279 0.3214285724195809 0
66 -0.3750000002585582 0.03571428604340287 0
67 -0.4375000000861861 0.07142857208680574 0
68 -0.4375000002614395 0.03571428603821072 0
69 -0.3125000000861861 0.07142857208680574 0
70 -0.3125000001716341 0.03571428603821072 0
71 -0.3125 0.1428571441970543 0
72 -0.3750000000861861 0.10714285814193 0
73 -0.312500000043093 0.10714285814193 0
74 -0.4375 0.1428571441970543 0
75 -0.437500000043093 0.10714285814193 0
76 -0.3749999999138139 0.2321428583083176 0
77 -0.4374999999138139 0.3214285724195809 0
78 -0.437499999956907 0.2321428584052633 0
79 -0.3124999999138139 0.3214285724195809 0
80 -0.312499999956907 0.2321428584052633 0
81 -0.3749999997414418 0.4107142862097904 0
82 -0.3124999997385605 0.4107142862097904 0
83 -0.4374999998283659 0.4107142862097904 0
84 7.122007428250754e-10 0.1464285708444209 0
85 7.169470555429266e-10 0.07571428542221044 0
86 -0.1249999996438996 0.1446428575207376 0
87 -0.1249999996040101 0.07357142876135482 0
88 0.1250000003561004 0.1446428556100748 0
89 0.1250000003944869 0.07357142779823786 0
90 7.003349844492135e-10 0.3232142854222104 0
91 -0.1249999996592054 0.3223214289208957 0
92 0.1250000003501675 0.322321427586008 0
93 -0.1249999995840653 0.03803571438752414 0
94 -0.187499999802005 0.07250000042408028 0
95 -0.1874950934898018 0.03661622572946228 0
96 7.193202119018523e-10 0.04035714271110522 0
97 -0.06249999944353152 0.07464285709178263 0
98 -0.06250490574800446 0.03945520303182974 0
99 7.14573899184001e-10 0.1110714281333157 0
100 -0.06249999946584944 0.1455357141825792 0
101 -0.1249999996239549 0.1091071431410462 0
102 -0.06249999945469048 0.1100892856371809 0
103 -0.1874999998219498 0.1437500008588959 0
104 -0.1874999998119774 0.1081250006414881 0
105 0.1250000004136801 0.03803571389231942 0
106 0.06250000055571697 0.07464285661022416 0
107 0.06250490688641754 0.03945520277811308 0
108 0.1875000001972434 0.07249999899305108 0
109 0.1874950939033069 0.03661622501434349 0
110 0.1875000001780502 0.1437499979929017 0
111 0.1250000003752936 0.1091071417041563 0
112 0.1875000001876468 0.1081249984929764 0
113 0.06250000053415056 0.1455357132272478 0
114 0.06250000054493376 0.110089284918736 0
115 -0.1249999996515525 0.2334821432208166 0
116 -0.1874999998296027 0.3218750006702383 0
117 -0.1874999998257763 0.2328125008615128 0
118 7.062678636371444e-10 0.2348214281333156 0
119 -0.06249999947943521 0.322767857171553 0
120 -0.06249999947264233 0.2341517856770661 0
121 6.944021052612825e-10 0.4116071427111052 0
122 -0.1249999996668583 0.4111607144604478 0
123 -0.0624999994862281 0.4113839285857765 0
124 -0.1874999998460337 0.4109375003351192 0
125 0.1250000003531339 0.2334821415980414 0
126 0.06250000052525125 0.3227678565041092 0
127 0.06250000052970092 0.2341517848656785 0
128 0.1875000001750838 0.3218749986679068 0
129 0.187500000176567 0.2328124982081297 0
130 0.1250000003472011 0.411160713793004 0
131 0.1875000001736005 0.4109374993255084 0
132 0.0625000005208016 0.4113839282520546 0
133 0.375 0.1428571403757287 0
134 0.3750000001723721 0.3214285697498056 0
135 0.3749999998276279 0.0714285701878643 0
136 0.3125000000861861 0.3214285697498056 0
137 0.3750000002585582 0.4107142848749028 0
138 0.3125000001716341 0.4107142848664578 0
139 0.3125 0.1428571403757287 0
140 0.3750000000861861 0.2321428550627671 0
141 0.312500000043093 0.2321428549404926 0
142 0.4375 0.1428571403757287 0
143 0.4375000000861861 0.3214285697498056 0
144 0.437500000043093 0.2321428549404926 0
145 0.4375000002614395 0.4107142848664578 0
146 0.3124999999138139 0.0714285701878643 0
147 0.3749999999138139 0.1071428552817965 0
148 0.312499999956907 0.1071428552817965 0
149 0.3749999997414418 0.03571428509393215 0
150 0.3124999997385605 0.03571428509393215 0
151 0.4374999999138139 0.0714285701878643 0
152 0.4374999998283659 0.03571428509393215 0
153 0.437499999956907 0.1071428552817965 0
$EndNodes
$Elements
176
1 1 2 4 1 5 9
2 1 2 4 1 9 10
3 1 2 4 1 10 11
4 1 2 4 1 11 1
5 1 2 2 2 1 12
6 1 2 2 2 12 13
7 1 2 2 2 13 14
8 1 2 2 2 14 15
9 1 2 2 2 15 16
10 1 2 2 2 16 17
11 1 2 2 2 17 18
12 1 2 2 2 18 2
13 1 2 3 3 2 19
14 1 2 3 3 19 20
15 1 2 3 3 20 21
16 1 2 3 3 21 7
17 1 2 3 4 7 22
18 1 2 3 4 22 23
19 1 2 3 4 23 24
20 1 2 3 4 24 25
21 1 2 3 4 25 26
22 1 2 3 4 26 27
23 1 2 3 4 27 28
24 1 2 3 4 28 8
25 1 2 3 5 8 29
26 1 2 3 5 29 30
27 1 2 3 5 30 31
28 1 2 3 5 31 3
29 1 2 5 6 3 32
30 1 2 5 6 32 33
31 1 2 5 6 33 34
32 1 2 5 6 34 35
33 1 2 5 6 35 36
34 1 2 5 6 36 37
35 1 2 5 6 37 38
36 1 2 5 6 38 4
37 1 2 4 7 4 39
38 1 2 4 7 39 40
39 1 2 4 7 40 41
40 1 2 4 7 41 6
41 1 2 4 8 5 42
42 1 2 4 8 42 43
43 1 2 4 8 43 44
44 1 2 4 8 44 45
45 1 2 4 8 45 46
46 1 2 4 8 46 47
47 1 2 4 8 47 48
48 1 2 4 8 48 6
49 3 2 1 1 1 11 68 12
50 3 2 1 1 11 10 66 68
51 3 2 1 1 68 66 64 67
52 3 2 1 1 12 68 67 13
53 3 2 1 1 10 9 70 66
54 3 2 1 1 9 5 49 70
55 3 2 1 1 70 49 50 69
56 3 2 1 1 66 70 69 64
57 3 2 1 1 64 69 73 72
58 3 2 1 1 69 50 51 73
59 3 2 1 1 73 51 52 71
60 3 2 1 1 72 73 71 63
61 3 2 1 1 13 67 75 14
62 3 2 1 1 67 64 72 75
63 3 2 1 1 75 72 63 74
64 3 2 1 1 14 75 74 15
65 3 2 1 1 15 74 78 16
66 3 2 1 1 74 63 76 78
67 3 2 1 1 78 76 65 77
68 3 2 1 1 16 78 77 17
69 3 2 1 1 63 71 80 76
70 3 2 1 1 71 52 53 80
71 3 2 1 1 80 53 54 79
72 3 2 1 1 76 80 79 65
73 3 2 1 1 65 79 82 81
74 3 2 1 1 79 54 55 82
75 3 2 1 1 82 55 7 21
76 3 2 1 1 81 82 21 20
77 3 2 1 1 17 77 83 18
78 3 2 1 1 77 65 81 83
79 3 2 1 1 83 81 20 19
80 3 2 1 1 18 83 19 2
81 3 2 1 2 5 42 95 49
82 3 2 1 2 42 43 93 95
83 3 2 1 2 95 93 87 94
84 3 2 1 2 49 95 94 50
85 3 2 1 2 43 44 98 93
86 3 2 1 2 44 45 96 98
87 3 2 1 2 98 96 85 97
88 3 2 1 2 93 98 97 87
89 3 2 1 2 87 97 102 101
90 3 2 1 2 97 85 99 102
91 3 2 1 2 102 99 84 100
92 3 2 1 2 101 102 100 86
93 3 2 1 2 50 94 104 51
94 3 2 1 2 94 87 101 104
95 3 2 1 2 104 101 86 103
96 3 2 1 2 51 104 103 52
97 3 2 1 2 45 46 107 96
98 3 2 1 2 46 47 105 107
99 3 2 1 2 107 105 89 106
100 3 2 1 2 96 107 106 85
101 3 2 1 2 47 48 109 105
102 3 2 1 2 48 6 62 109
103 3 2 1 2 109 62 61 108
104 3 2 1 2 105 109 108 89
105 3 2 1 2 89 108 112 111
106 3 2 1 2 108 61 60 112
107 3 2 1 2 112 60 59 110
108 3 2 1 2 111 112 110 88
109 3 2 1 2 85 106 114 99
110 3 2 1 2 106 89 111 114
111 3 2 1 2 114 111 88 113
112 3 2 1 2 99 114 113 84
113 3 2 1 2 52 103 117 53
114 3 2 1 2 103 86 115 117
115 3 2 1 2 117 115 91 116
116 3 2 1 2 53 117 116 54
117 3 2 1 2 86 100 120 115
118 3 2 1 2 100 84 118 120
119 3 2 1 2 120 118 90 119
120 3 2 1 2 115 120 119 91
121 3 2 1 2 91 119 123 122
122 3 2 1 2 119 90 121 123
123 3 2 1 2 123 121 25 24
124 3 2 1 2 122 123 24 23
125 3 2 1 2 54 116 124 55
126 3 2 1 2 116 91 122 124
127 3 2 1 2 124 122 23 22
128 3 2 1 2 55 124 22 7
129 3 2 1 2 84 113 127 118
130 3 2 1 2 113 88 125 127
131 3 2 1 2 127 125 92 126
132 3 2 1 2 118 127 126 90
133 3 2 1 2 88 110 129 125
134 3 2 1 2 110 59 58 129
135 3 2 1 2 129 58 57 128
136 3 2 1 2 125 129 128 92
137 3 2 1 2 92 128 131 130
138 3 2 1 2 128 57 56 131
139 3 2 1 2 131 56 8 28
140 3 2 1 2 130 131 28 27
141 3 2 1 2 90 126 132 121
142 3 2 1 2 126 92 130 132
143 3 2 1 2 132 130 27 26
144 3 2 1 2 121 132 26 25
145 3 2 1 3 8 56 138 29
146 3 2 1 3 56 57 136 138
147 3 2 1 3 138 136 134 137
148 3 2 1 3 29 138 137 30
149 3 2 1 3 57 58 141 136
150 3 2 1 3 58 59 139 141
151 3 2 1 3 141 139 133 140
152 3 2 1 3 136 141 140 134
153 3 2 1 3 134 140 144 143
154 3 2 1 3 140 133 142 144
155 3 2 1 3 144 142 35 34
156 3 2 1 3 143 144 34 33
157 3 2 1 3 30 137 145 31
158 3 2 1 3 137 134 143 145
159 3 2 1 3 145 143 33 32
160 3 2 1 3 31 145 32 3
161 3 2 1 3 59 60 148 139
162 3 2 1 3 60 61 146 148
163 3 2 1 3 148 146 135 147
164 3 2 1 3 139 148 147 133
165 3 2 1 3 61 62 150 146
166 3 2 1 3 62 6 41 150
167 3 2 1 3 150 41 40 149
168 3 2 1 3 146 150 149 135
169 3 2 1 3 135 149 152 151
170 3 2 1 3 149 40 39 152
171 3 2 1 3 152 39 4 38
172 3 2 1 3 151 152 38 37
173 3 2 1 3 133 147 153 142
174 3 2 1 3 147 135 151 153
175 3 2 1 3 153 151 37 36
176 3 2 1 3 142 153 36 35
$EndElements
